trial: 68
values: [0.00605178888994562, 0.6403272122027118]
mean_amount_sar: 643
std_amount_sar: 300
prob_spend_cash: 0.15296381341234064
mean_phone_change_frequency_sar: 1330
std_phone_change_frequency_sar: 543
mean_bank_change_frequency_sar: 1414
std_bank_change_frequency_sar: 541
prob_participate_in_multiple_sars: 0.05950211510526065